45.2427 19.8819
45.2425 19.882
45.2421 19.8823
45.2422 19.8822
45.2425 19.8822
45.2426 19.8823
45.2427 19.8823
45.2434 19.8817
45.2437 19.8814
45.244 19.8813
45.2447 19.8808
45.2452 19.8804
45.2456 19.8801
45.2464 19.8796
45.2469 19.8791
45.2474 19.8786
45.2476 19.8783
45.2479 19.878
45.2484 19.8775
45.2487 19.8771
45.2488 19.877
45.2491 19.8764
45.2499 19.8752
45.2505 19.8744
45.2506 19.8742
45.2512 19.8734
45.2519 19.8725
45.2519 19.8724
45.2523 19.8718
45.2524 19.8709
45.2524 19.8703
45.2526 19.8678
45.2527 19.8674
45.2533 19.866
45.2541 19.8649
45.2544 19.8643
45.2546 19.8641
45.2546 19.8636
45.2547 19.8631
45.2547 19.8627
45.2548 19.8617
45.2549 19.8605
45.2549 19.8603
45.2549 19.8599
45.2549 19.8596
45.2547 19.8584
45.2545 19.8555
45.2544 19.855
45.2544 19.8549
45.2543 19.854
45.2542 19.8526
45.2541 19.8515
45.254 19.8504
45.2539 19.8493
45.2538 19.8485
45.2538 19.8483
45.2537 19.8477
45.2536 19.8464
45.2536 19.8462
45.2534 19.8448
45.2536 19.8435
45.2539 19.843
45.2542 19.8426
45.2543 19.8425
45.2545 19.8424
45.2552 19.8419
45.2556 19.8417
45.2557 19.8417
45.2561 19.8416
45.2565 19.8417
45.2571 19.8417
45.2576 19.8418
45.2578 19.8419
45.258 19.842
45.2582 19.8409
45.2585 19.8397
45.2587 19.8385
45.2589 19.8373
45.2591 19.836
45.2592 19.8359
45.2596 19.8351
45.2597 19.835
45.2603 19.8345
45.2611 19.8341
45.2612 19.834
45.2612 19.834
45.261 19.8333
45.2607 19.8322
45.2607 19.8321
45.2605 19.8314
45.2603 19.8309
45.26 19.8297
45.26 19.8296
45.2599 19.8294
45.2595 19.8269
45.2592 19.8241
45.2592 19.824
45.2591 19.8229
45.259 19.8228
45.259 19.8223
45.2589 19.8212
45.2584 19.8194
45.2578 19.8175
45.2577 19.8176
45.2579 19.8182
45.2578 19.8183
45.2578 19.8187
45.2578 19.8189
45.2579 19.8192
45.258 19.8193
45.258 19.8195
45.2582 19.8195
