45.2582 19.8195
45.2582 19.8195
45.2583 19.8195
45.2588 19.8213
45.2589 19.8216
45.259 19.8228
45.259 19.823
45.259 19.8232
45.259 19.8236
45.2591 19.8241
45.2592 19.8255
45.2594 19.8265
45.2596 19.8283
45.2598 19.8295
45.2599 19.8296
45.2599 19.8298
45.2602 19.8309
45.2603 19.8311
45.2606 19.8321
45.2604 19.8322
45.2591 19.8329
45.2552 19.8351
45.2551 19.8351
45.2536 19.836
45.2531 19.8362
45.2519 19.8369
45.2518 19.837
45.2512 19.8374
45.2499 19.8381
45.2484 19.8389
45.248 19.8391
45.2479 19.8392
45.2479 19.8393
45.2482 19.8406
45.2485 19.8417
45.2487 19.8427
45.2483 19.8427
45.2481 19.8425
45.2481 19.8424
45.247 19.844
45.2463 19.8442
45.2461 19.8443
45.246 19.8443
45.246 19.8442
